-5.0168
-25.4376
-31.1498
-46.9717
-10.1854
-43.6542
-42.3209
-45.7796
-42.6612
-40.0020
-28.5120
-26.4907
-17.1079
-43.9208
-59.9072
-51.7247
-24.0588
-38.1063
-25.6343
-57.9431
-35.9672
13.6563
41.3411
-30.2825
-43.0464
-27.5630
-38.0946
15.1947
-24.2699
28.9494
-15.7409
-1.1522
-1.9195
21.5477
-47.2813
19.0958
-15.8324
-31.4221
-2.4874
-31.4691
-16.5638
-14.8819
-18.0480
14.6061
-10.4511
-10.0525
0.7403
71.6091
-16.2018
-29.7323
-21.0175
13.9431
44.3162
78.6660
8.3827
-18.7902
-2.3683
16.5928
4.2373
-29.2866
0.8786
-25.0444
-20.1224
-4.5117
-4.8746
17.2731
60.1595
19.4706
-13.4655
6.5698
2.2137
-22.0048
96.1412
-10.9163
45.7200
10.3306
97.6860
-4.5555
-16.6962
-12.9615
84.9192
-22.7997
58.7243
-13.4089
59.2064
33.1334
-23.1401
30.4701
-33.0594
-20.4124
-9.4603
-18.8392
8.1797
28.4088
-5.8352
-11.4751
-19.8617
22.5038
-9.7200
63.7593
90.4571
42.8281
31.7451
32.4256
68.6700
18.5261
76.4552
-3.1603
58.5299
79.1369
77.1137
31.4946
115.8130
137.0490
106.2482
85.4958
197.8135
108.6746
137.1256
103.1598
79.1408
67.5645
87.4698
171.9275
148.3428
101.8617
92.0352
88.2270
