-82.8122
-94.6425
-39.9941
-64.9242
-67.0618
-76.0926
30.0923
30.3918
10.5054
-29.7696
4.8994
-62.5587
30.1129
63.0978
-10.4458
-32.7651
36.5387
44.0183
40.1688
31.7485
9.4970
66.4332
16.5345
84.2144
97.0959
121.7921
200.2336
22.1657
56.9071
105.2560
55.1689
34.5988
145.5845
72.5349
110.6028
132.5295
132.0665
124.0766
161.8815
159.8908
115.5937
99.9889
178.4222
225.2591
100.9578
111.1231
111.5566
205.9361
148.5043
40.7197
88.4533
201.7490
136.9282
150.2013
125.6324
104.7137
26.0723
106.9185
71.4548
76.9741
37.3388
49.3997
60.0002
153.0462
100.2221
45.9182
42.4108
172.2802
63.7690
54.4264
74.0011
148.5044
175.4328
39.2493
3.4355
67.6074
48.8980
109.7635
66.2741
55.5617
88.1272
50.8427
69.9034
102.8880
131.1522
150.0184
168.8959
151.3869
67.2245
168.2497
166.3754
154.6545
141.7368
175.5632
139.7152
175.7642
144.9751
227.9374
157.4231
184.3796
247.1031
145.1016
159.3582
171.0273
155.0709
180.8558
166.0253
158.4847
123.9914
188.1273
256.5310
159.2035
160.2304
147.0149
86.2915
250.4172
136.5321
264.0038
173.2328
233.6912
250.1693
162.5401
90.1224
164.6903
62.9467
243.9129
136.9922
144.3505
162.6238
94.2006
87.7711
143.2209
130.2498
82.2377
136.4003
208.2541
59.8719
162.8983
146.4348
157.6885
146.1152
75.4845
144.0914
116.5223
152.0605
76.6648
148.9459
151.3401
224.0250
228.7803
