-441.4228
-511.4390
-429.7027
-312.4869
-261.7399
-223.1206
-193.7171
-177.4404
-176.4810
-223.9442
-198.1809
-181.8255
-152.8453
-164.0062
-190.7921
-152.1578
-165.3088
-155.9130
-158.8871
-136.4542
-133.6152
-124.4183
-129.0104
-111.3627
-125.9495
-124.7190
-125.4682
-145.6637
-102.9098
-100.5281
-104.4416
-128.3192
-110.1435
-86.4114
-79.0928
-75.8858
-83.0970
-77.4957
-92.3130
-104.9319
-110.3576
-102.7820
-117.6682
-102.3276
-137.2086
-102.2496
-92.8447
-118.3504
-111.7010
-115.5636
-129.5883
-92.5766
-105.0043
-89.6763
-89.8424
-118.0011
-147.8452
-90.2989
-87.9223
-95.4431
-121.7962
-102.9528
-93.1005
-108.3104
-127.7079
-119.8056
-109.2861
-113.6964
-99.2833
-94.4449
-100.4729
-79.4053
-74.7277
-86.0441
-93.2402
-84.9955
-82.8337
-66.0821
-85.9146
-85.1396
-104.9667
-98.8868
-79.2250
-68.4688
-70.7696
-69.8485
-69.1981
-57.6938
-94.5212
-63.9170
-82.6345
-69.3174
-63.0522
-85.7968
-88.3699
-76.4366
-55.5376
-60.1524
-74.1517
-85.6716
-78.1827
-75.0400
-70.6734
-57.6316
-47.8441
-56.8130
-55.8688
-52.6334
-48.5145
-44.9838
-59.8143
-49.4574
-52.0883
-83.6133
-61.0068
-68.1399
-58.1236
-68.3501
-70.1642
-77.0728
-62.0037
-80.2885
-89.1007
-69.6374
-63.6539
-90.7853
-73.4993
-63.7983
-95.4169
-90.4191
-72.7818
-92.5903
-96.1937
-82.2243
-91.8042
-66.8982
-82.7644
-75.7421
-88.3347
-85.3643
-71.0752
-73.0404
-70.3232
-68.9729
-82.2051
-77.2466
-67.1540
-60.7806
-65.5494
-59.8125
