-131.7710
-143.0058
-153.0678
-182.7796
-155.0231
-153.7775
-154.5045
-151.4127
-154.8113
-192.7755
-161.0235
-140.4536
-159.9659
-152.1398
-152.1337
-158.4091
-137.9919
-177.1041
-160.9763
-166.5864
-146.7680
-150.2377
-174.1775
-167.6223
-162.5794
-160.8607
-144.0652
-166.6155
-197.7328
-239.3164
-172.9873
-220.8983
-165.1954
-213.9370
-229.5173
-204.6476
-227.9599
-211.4502
-189.2425
-215.5788
-191.0080
-263.3854
-211.3352
-189.4864
-222.5099
-214.0940
-173.4690
-209.7614
-177.3278
-184.1160
-224.0002
-231.5909
-227.2544
-197.1561
-225.5286
-195.4430
-175.0683
-188.0537
-201.5286
-207.0693
-190.2514
-234.0803
-188.4986
-182.2097
-212.9679
-187.7189
-183.4225
-217.2683
-204.9104
-213.1236
-187.8134
-203.5598
-180.5368
-231.4953
-208.1057
-191.9803
-210.9117
-191.0057
-207.2717
-230.0510
-185.2941
-212.0071
-218.2243
-245.2538
-243.1871
-250.7359
-193.1441
-200.1291
-195.3529
-185.3231
-165.9201
-159.0208
-169.9827
-218.1635
-198.7268
-160.9770
-177.0080
-173.4402
-209.1186
-177.6748
-160.2619
-158.7329
-146.4984
-126.4094
-138.2307
-148.2559
-138.4650
-151.1175
-111.5876
-120.8182
-123.9266
-125.8233
-109.6641
-106.9461
-104.7795
-91.3268
-94.5573
-102.2889
-87.0241
-92.2589
-104.8590
-113.4156
-112.8037
-80.3571
-77.7981
-86.3828
-98.5448
-98.2230
